326
598
49
DIAMETER SCAN
5mm                                     
                    
                    
RS75                
                    
--------------------
--------------------
48.279999
48.279999
* NONE              
0.000000
23.000000
                    
12/01/19  13:04   07
Jan 19, 2012
13:06
Jan 19, 2012
13:06
1.4916e+004
1.5720e+004
1.5994e+004
2.0627e+000
3.0000e+000
1.5071e+004
1.5028e+004
1.5174e+004
1.5273e+004
1.5405e+004
1.5474e+004
1.5443e+004
1.5847e+004
1.5874e+004
1.5935e+004
1.5967e+004
1.5971e+004
1.5958e+004
1.5994e+004
1.5981e+004
1.5971e+004
1.5951e+004
1.5931e+004
1.5910e+004
1.5919e+004
1.5911e+004
1.5901e+004
1.5880e+004
1.5860e+004
1.5854e+004
1.5828e+004
1.5773e+004
1.5850e+004
1.5868e+004
1.5872e+004
1.5899e+004
1.5938e+004
1.5982e+004
1.5971e+004
1.5972e+004
1.5968e+004
1.5980e+004
1.5896e+004
1.5842e+004
1.5920e+004
1.5782e+004
1.5741e+004
1.5652e+004
1.5503e+004
1.5366e+004
1.5289e+004
1.5048e+004
1.4945e+004
1.4916e+004
Í326
599
49
DIAMETER SCAN
5mm                                     
                    
                    
RS75                
                    
--------------------
--------------------
48.279999
48.279999
* NONE              
0.000000
23.000000
                    
12/01/19  13:06   22
Jan 19, 2012
13:08
Jan 19, 2012
13:08
1.4922e+004
1.5753e+004
1.6039e+004
2.0262e+000
3.0000e+000
1.5051e+004
1.5006e+004
1.5260e+004
1.5359e+004
1.5498e+004
1.5584e+004
1.5708e+004
1.5801e+004
1.5876e+004
1.5931e+004
1.5943e+004
1.5983e+004
1.5951e+004
1.6039e+004
1.6000e+004
1.5986e+004
1.5955e+004
1.5957e+004
1.5958e+004
1.5948e+004
1.5917e+004
1.5923e+004
1.5884e+004
1.5889e+004
1.5908e+004
1.5866e+004
1.5918e+004
1.5857e+004
1.5938e+004
1.5935e+004
1.5918e+004
1.5932e+004
1.6000e+004
1.6003e+004
1.6015e+004
1.5977e+004
1.5977e+004
1.6017e+004
1.5903e+004
1.5885e+004
1.5846e+004
1.5743e+004
1.5629e+004
1.5528e+004
1.5395e+004
1.5269e+004
1.5155e+004
1.4960e+004
1.4922e+004
Í326
600
49
DIAMETER SCAN
5mm                                     
                    
                    
RS75                
                    
--------------------
--------------------
48.279999
48.279999
* NONE              
0.000000
23.000000
                    
12/01/19  13:08   23
Jan 19, 2012
13:09
Jan 19, 2012
13:09
1.4993e+004
1.5806e+004
1.6205e+004
2.0751e+000
3.0000e+000
1.5187e+004
1.5097e+004
1.5225e+004
1.5377e+004
1.5433e+004
1.5609e+004
1.5580e+004
1.5804e+004
1.5887e+004
1.5901e+004
1.5965e+004
1.5936e+004
1.6205e+004
1.6115e+004
1.6124e+004
1.6105e+004
1.6110e+004
1.6062e+004
1.6070e+004
1.6023e+004
1.5992e+004
1.6023e+004
1.6025e+004
1.5986e+004
1.5998e+004
1.5994e+004
1.5961e+004
1.6001e+004
1.5958e+004
1.5964e+004
1.5940e+004
1.5983e+004
1.6010e+004
1.6022e+004
1.6010e+004
1.5886e+004
1.6017e+004
1.5989e+004
1.5970e+004
1.5939e+004
1.5910e+004
1.5834e+004
1.5666e+004
1.5579e+004
1.5473e+004
1.5349e+004
1.5193e+004
1.4993e+004
1.4995e+004
Í326
601
49
DIAMETER SCAN
5mm                                     
                    
                    
RS75                
                    
--------------------
--------------------
48.279999
48.270000
* NONE              
0.000000
23.000000
                    
12/01/19  13:09   24
Jan 19, 2012
13:11
Jan 19, 2012
13:11
1.5013e+004
1.5774e+004
1.6094e+004
2.0634e+000
3.0000e+000
1.5048e+004
1.5056e+004
1.5207e+004
1.5371e+004
1.5473e+004
1.5595e+004
1.5654e+004
1.5825e+004
1.5857e+004
1.5978e+004
1.5988e+004
1.5834e+004
1.6012e+004
1.5964e+004
1.6001e+004
1.5976e+004
1.5971e+004
1.5956e+004
1.5934e+004
1.5979e+004
1.5908e+004
1.5906e+004
1.5907e+004
1.5884e+004
1.5931e+004
1.5888e+004
1.5940e+004
1.5954e+004
1.5919e+004
1.5943e+004
1.5977e+004
1.6010e+004
1.6000e+004
1.6037e+004
1.6053e+004
1.6060e+004
1.5982e+004
1.6094e+004
1.6006e+004
1.6044e+004
1.6002e+004
1.5748e+004
1.5659e+004
1.5610e+004
1.5415e+004
1.5297e+004
1.5045e+004
1.5016e+004
1.5013e+004
Í326
602
49
DIAMETER SCAN
5mm                                     
                    
                    
RS75                
                    
--------------------
--------------------
48.279999
48.270000
* NONE              
0.000000
23.000000
                    
12/01/19  13:11   25
Jan 19, 2012
13:12
Jan 19, 2012
13:12
1.5009e+004
1.5783e+004
1.6127e+004
2.0198e+000
3.0000e+000
1.5080e+004
1.5055e+004
1.5204e+004
1.5348e+004
1.5463e+004
1.5619e+004
1.5705e+004
1.5830e+004
1.5856e+004
1.5952e+004
1.5956e+004
1.6005e+004
1.6043e+004
1.6083e+004
1.5990e+004
1.5976e+004
1.5949e+004
1.5981e+004
1.5959e+004
1.5903e+004
1.5924e+004
1.5927e+004
1.5917e+004
1.5908e+004
1.5893e+004
1.5914e+004
1.5932e+004
1.5933e+004
1.5923e+004
1.5944e+004
1.5988e+004
1.6024e+004
1.6020e+004
1.6045e+004
1.6065e+004
1.6043e+004
1.6118e+004
1.6127e+004
1.5948e+004
1.5876e+004
1.5851e+004
1.5807e+004
1.5713e+004
1.5605e+004
1.5462e+004
1.5304e+004
1.5179e+004
1.5036e+004
1.5009e+004
Í326
603
49
DIAMETER SCAN
5mm                                     
                    
                    
RS75                
                    
--------------------
--------------------
48.290001
48.279999
* NONE              
0.000000
23.000000
                    
12/01/19  13:48   07
Jan 19, 2012
13:50
Jan 19, 2012
13:50
8.1952e+003
8.7222e+003
9.1464e+003
3.0661e+000
3.0000e+000
7.5877e+003
8.1952e+003
8.6504e+003
8.9819e+003
9.0214e+003
8.8884e+003
8.8616e+003
9.1464e+003
9.0087e+003
8.9556e+003
8.9230e+003
8.9469e+003
8.9517e+003
8.8263e+003
8.6187e+003
8.8126e+003
8.7055e+003
8.5284e+003
8.5288e+003
8.3646e+003
8.4632e+003
8.4003e+003
8.4169e+003
8.3208e+003
8.3151e+003
8.4640e+003
8.4242e+003
8.4654e+003
8.4475e+003
8.4555e+003
8.5861e+003
8.4938e+003
8.5515e+003
8.8133e+003
8.6545e+003
8.9383e+003
8.9848e+003
8.8867e+003
8.9764e+003
8.8580e+003
8.8393e+003
8.9339e+003
9.0149e+003
9.1141e+003
9.0594e+003
9.1224e+003
8.7902e+003
8.2358e+003
7.4411e+003
Í326
604
49
DIAMETER SCAN
5mm                                     
                    
                    
RS75                
                    
--------------------
--------------------
48.279999
48.279999
* NONE              
0.000000
23.000000
                    
12/01/19  14:32   22
Jan 19, 2012
14:34
Jan 19, 2012
14:34
8.4102e+003
1.0132e+004
1.0739e+004
5.3453e+000
3.0000e+000
7.0950e+003
8.4102e+003
9.2939e+003
9.4113e+003
9.6973e+003
9.6994e+003
9.7059e+003
9.8396e+003
9.8551e+003
1.0264e+004
1.0215e+004
1.0200e+004
1.0292e+004
1.0423e+004
1.0416e+004
1.0566e+004
1.0552e+004
1.0566e+004
1.0373e+004
1.0657e+004
1.0492e+004
1.0568e+004
1.0488e+004
1.0578e+004
1.0556e+004
1.0692e+004
1.0739e+004
1.0670e+004
1.0451e+004
1.0454e+004
1.0662e+004
1.0521e+004
1.0473e+004
1.0489e+004
1.0246e+004
1.0439e+004
1.0354e+004
1.0285e+004
1.0200e+004
1.0131e+004
1.0033e+004
9.9018e+003
9.7905e+003
9.7600e+003
9.7365e+003
9.4461e+003
9.0961e+003
8.5195e+003
7.3621e+003
Í326
605
49
DIAMETER SCAN
5mm                                     
                    
                    
RS75                
                    
--------------------
--------------------
48.279999
48.279999
* NONE              
0.000000
23.000000
                    
12/01/19  15:05   23
Jan 19, 2012
15:06
Jan 19, 2012
15:06
8.3102e+003
8.8429e+003
9.0873e+003
2.0845e+000
3.0000e+000
7.7296e+003
8.3102e+003
8.9248e+003
8.9797e+003
9.0390e+003
8.9804e+003
8.9024e+003
8.9165e+003
8.8980e+003
8.9118e+003
8.9101e+003
8.9199e+003
8.9424e+003
9.0040e+003
9.0448e+003
8.9097e+003
8.8241e+003
8.7851e+003
8.7662e+003
8.6649e+003
8.7222e+003
8.5920e+003
8.6722e+003
8.5676e+003
8.5340e+003
8.5474e+003
8.6954e+003
8.7079e+003
8.6141e+003
8.7478e+003
8.7606e+003
8.8004e+003
8.8464e+003
8.8355e+003
8.9301e+003
9.0590e+003
8.9043e+003
9.0486e+003
9.0873e+003
9.0771e+003
9.0349e+003
8.9570e+003
8.9437e+003
9.0867e+003
9.0813e+003
8.9061e+003
8.7950e+003
8.4256e+003
7.6884e+003
Í326
606
49
DIAMETER SCAN
5mm                                     
                    
                    
RS75                
                    
--------------------
--------------------
48.279999
48.279999
* NONE              
0.000000
23.000000
                    
12/01/19  15:36   24
Jan 19, 2012
15:37
Jan 19, 2012
15:37
7.8707e+003
8.9205e+003
9.2220e+003
3.0489e+000
3.0000e+000
6.7012e+003
7.8720e+003
8.5083e+003
8.7979e+003
8.9070e+003
8.9098e+003
8.9148e+003
8.9196e+003
8.9449e+003
8.9962e+003
9.0441e+003
9.0611e+003
9.0782e+003
9.0527e+003
9.0387e+003
9.0792e+003
9.0558e+003
9.0311e+003
8.9651e+003
8.9268e+003
8.8744e+003
8.8686e+003
8.9400e+003
8.9618e+003
8.9675e+003
8.9867e+003
8.9104e+003
8.8847e+003
8.9317e+003
8.9976e+003
9.0543e+003
9.1062e+003
9.1450e+003
9.1941e+003
9.2220e+003
9.2040e+003
9.1730e+003
9.1262e+003
9.1036e+003
9.1076e+003
9.0323e+003
8.8466e+003
8.7974e+003
8.8080e+003
8.8569e+003
8.7614e+003
8.4297e+003
7.8707e+003
6.9796e+003
Í326
607
49
DIAMETER SCAN
5mm                                     
                    
                    
RS75                
                    
--------------------
--------------------
48.279999
48.279999
* NONE              
0.000000
23.000000
                    
12/01/19  16:08   25
Jan 19, 2012
16:10
Jan 19, 2012
16:10
7.9101e+003
9.2996e+003
9.6695e+003
4.3761e+000
3.0000e+000
6.9805e+003
7.9541e+003
8.5251e+003
8.8382e+003
8.9737e+003
9.0282e+003
9.0697e+003
9.0795e+003
9.1513e+003
9.2288e+003
9.3081e+003
9.3906e+003
9.4645e+003
9.5480e+003
9.5716e+003
9.5486e+003
9.5285e+003
9.4883e+003
9.4717e+003
9.4897e+003
9.5529e+003
9.5692e+003
9.5505e+003
9.5586e+003
9.5568e+003
9.5655e+003
9.6047e+003
9.6016e+003
9.6213e+003
9.6073e+003
9.6544e+003
9.6435e+003
9.6287e+003
9.6456e+003
9.6695e+003
9.6561e+003
9.6113e+003
9.5219e+003
9.3022e+003
9.1677e+003
9.1371e+003
9.1202e+003
9.0917e+003
9.1146e+003
9.1038e+003
9.0065e+003
8.6493e+003
7.9101e+003
0.0000e+000
